27.9083
58
1 6 1
1.4902 6.03922 1
1.98039 6.07843 1
2.47059 6.11765 1
2.96078 6.15686 1
3.45098 6.19608 1
3.94118 6.23529 1
4.43137 6.27451 1
4.92157 6.31373 1
5.41176 6.35294 1
5.90196 6.39216 1
6.39216 6.43137 1
6.88235 6.47059 1
7.37255 6.5098 1
7.86275 6.54902 1
8.35294 6.58824 1
8.84314 6.62745 1
9.33333 6.66667 1
9.82353 6.70588 1
10.3137 6.7451 1
10.8039 6.78431 1
11.2941 6.82353 1
11.7843 6.86275 1
12.2745 6.90196 1
12.7647 6.94118 1
13.2549 6.98039 1
13.7451 7.01961 1
14.2353 7.05882 1
14.7255 7.09804 1
15.2157 7.13725 1
15.7059 7.17647 1
16.1961 7.21569 1
16.6863 7.2549 1
17.1765 7.29412 1
17.6667 7.33333 1
18.1569 7.37255 1
18.6471 7.41176 1
19.1373 7.45098 1
19.6275 7.4902 1
20.1176 7.52941 1
20.6078 7.56863 1
21.098 7.60784 1
21.5882 7.64706 1
22.0784 7.68627 1
22.5686 7.72549 1
23.0588 7.76471 1
23.549 7.80392 1
24.0392 7.84314 1
24.5294 7.88235 1
25.0196 7.92157 1
25.5098 7.96078 1
26 8 1
26.3333 8.33333 1
26.6667 8.66667 1
27 9 1
27.3333 9.33333 1
27.6667 9.66667 1
28 10 1
