27.4591
56
1 9 1
1.49091 9.09091 1
1.98182 9.18182 1
2.47273 9.27273 1
2.96364 9.36364 1
3.45455 9.45455 1
3.94545 9.54545 1
4.43636 9.63636 1
4.92727 9.72727 1
5.41818 9.81818 1
5.90909 9.90909 1
6.4 10 1
6.89091 10.0909 1
7.38182 10.1818 1
7.87273 10.2727 1
8.36364 10.3636 1
8.85455 10.4545 1
9.34545 10.5455 1
9.83636 10.6364 1
10.3273 10.7273 1
10.8182 10.8182 1
11.3091 10.9091 1
11.8 11 1
12.2909 11.0909 1
12.7818 11.1818 1
13.2727 11.2727 1
13.7636 11.3636 1
14.2545 11.4545 1
14.7455 11.5455 1
15.2364 11.6364 1
15.7273 11.7273 1
16.2182 11.8182 1
16.7091 11.9091 1
17.2 12 1
17.6909 12.0909 1
18.1818 12.1818 1
18.6727 12.2727 1
19.1636 12.3636 1
19.6545 12.4545 1
20.1455 12.5455 1
20.6364 12.6364 1
21.1273 12.7273 1
21.6182 12.8182 1
22.1091 12.9091 1
22.6 13 1
23.0909 13.0909 1
23.5818 13.1818 1
24.0727 13.2727 1
24.5636 13.3636 1
25.0545 13.4545 1
25.5455 13.5455 1
26.0364 13.6364 1
26.5273 13.7273 1
27.0182 13.8182 1
27.5091 13.9091 1
28 14 1
