27.0185
56
1 13 4
1.49091 13.0182 4
1.98182 13.0364 4
2.47273 13.0545 4
2.96364 13.0727 4
3.45455 13.0909 4
3.94545 13.1091 4
4.43636 13.1273 4
4.92727 13.1455 4
5.41818 13.1636 4
5.90909 13.1818 4
6.4 13.2 4
6.89091 13.2182 4
7.38182 13.2364 4
7.87273 13.2545 4
8.36364 13.2727 4
8.85455 13.2909 4
9.34545 13.3091 4
9.83636 13.3273 4
10.3273 13.3455 4
10.8182 13.3636 4
11.3091 13.3818 4
11.8 13.4 4
12.2909 13.4182 4
12.7818 13.4364 4
13.2727 13.4545 4
13.7636 13.4727 4
14.2545 13.4909 4
14.7455 13.5091 4
15.2364 13.5273 4
15.7273 13.5455 4
16.2182 13.5636 4
16.7091 13.5818 4
17.2 13.6 4
17.6909 13.6182 4
18.1818 13.6364 4
18.6727 13.6545 4
19.1636 13.6727 4
19.6545 13.6909 4
20.1455 13.7091 4
20.6364 13.7273 4
21.1273 13.7455 4
21.6182 13.7636 4
22.1091 13.7818 4
22.6 13.8 4
23.0909 13.8182 4
23.5818 13.8364 4
24.0727 13.8545 4
24.5636 13.8727 4
25.0545 13.8909 4
25.5455 13.9091 4
26.0364 13.9273 4
26.5273 13.9455 4
27.0182 13.9636 4
27.5091 13.9818 4
28 14 4
