28.4781
58
1 13 4
1.47368 12.8421 3.98246
1.94737 12.6842 3.96491
2.42105 12.5263 3.94737
2.89474 12.3684 3.92982
3.36842 12.2105 3.91228
3.84211 12.0526 3.89474
4.31579 11.8947 3.87719
4.78947 11.7368 3.85965
5.26316 11.5789 3.84211
5.73684 11.4211 3.82456
6.21053 11.2632 3.80702
6.68421 11.1053 3.78947
7.15789 10.9474 3.77193
7.63158 10.7895 3.75439
8.10526 10.6316 3.73684
8.57895 10.4737 3.7193
9.05263 10.3158 3.70175
9.52632 10.1579 3.68421
10 10 3.66667
10.4737 9.84211 3.64912
10.9474 9.68421 3.63158
11.4211 9.52632 3.61404
11.8947 9.36842 3.59649
12.3684 9.21053 3.57895
12.8421 9.05263 3.5614
13.3158 8.89474 3.54386
13.7895 8.73684 3.52632
14.2632 8.57895 3.50877
14.7368 8.42105 3.49123
15.2105 8.26316 3.47368
15.6842 8.10526 3.45614
16.1579 7.94737 3.4386
16.6316 7.78947 3.42105
17.1053 7.63158 3.40351
17.5789 7.47368 3.38596
18.0526 7.31579 3.36842
18.5263 7.15789 3.35088
19 7 3.33333
19.4737 6.84211 3.31579
19.9474 6.68421 3.29825
20.4211 6.52632 3.2807
20.8947 6.36842 3.26316
21.3684 6.21053 3.24561
21.8421 6.05263 3.22807
22.3158 5.89474 3.21053
22.7895 5.73684 3.19298
23.2632 5.57895 3.17544
23.7368 5.42105 3.15789
24.2105 5.26316 3.14035
24.6842 5.10526 3.12281
25.1579 4.94737 3.10526
25.6316 4.78947 3.08772
26.1053 4.63158 3.07018
26.5789 4.47368 3.05263
27.0526 4.31579 3.03509
27.5263 4.15789 3.01754
28 4 3
