27.1477
56
1 2 4
1.49091 2.03636 3.96364
1.98182 2.07273 3.92727
2.47273 2.10909 3.89091
2.96364 2.14545 3.85455
3.45455 2.18182 3.81818
3.94545 2.21818 3.78182
4.43636 2.25455 3.74545
4.92727 2.29091 3.70909
5.41818 2.32727 3.67273
5.90909 2.36364 3.63636
6.4 2.4 3.6
6.89091 2.43636 3.56364
7.38182 2.47273 3.52727
7.87273 2.50909 3.49091
8.36364 2.54545 3.45455
8.85455 2.58182 3.41818
9.34545 2.61818 3.38182
9.83636 2.65455 3.34545
10.3273 2.69091 3.30909
10.8182 2.72727 3.27273
11.3091 2.76364 3.23636
11.8 2.8 3.2
12.2909 2.83636 3.16364
12.7818 2.87273 3.12727
13.2727 2.90909 3.09091
13.7636 2.94545 3.05455
14.2545 2.98182 3.01818
14.7455 3.01818 2.98182
15.2364 3.05455 2.94545
15.7273 3.09091 2.90909
16.2182 3.12727 2.87273
16.7091 3.16364 2.83636
17.2 3.2 2.8
17.6909 3.23636 2.76364
18.1818 3.27273 2.72727
18.6727 3.30909 2.69091
19.1636 3.34545 2.65455
19.6545 3.38182 2.61818
20.1455 3.41818 2.58182
20.6364 3.45455 2.54545
21.1273 3.49091 2.50909
21.6182 3.52727 2.47273
22.1091 3.56364 2.43636
22.6 3.6 2.4
23.0909 3.63636 2.36364
23.5818 3.67273 2.32727
24.0727 3.70909 2.29091
24.5636 3.74545 2.25455
25.0545 3.78182 2.21818
25.5455 3.81818 2.18182
26.0364 3.85455 2.14545
26.5273 3.89091 2.10909
27.0182 3.92727 2.07273
27.5091 3.96364 2.03636
28 4 2
