27.8927
57
1 10 4
1.48214 10.125 4
1.96429 10.25 4
2.44643 10.375 4
2.92857 10.5 4
3.41071 10.625 4
3.89286 10.75 4
4.375 10.875 4
4.85714 11 4
5.33929 11.125 4
5.82143 11.25 4
6.30357 11.375 4
6.78571 11.5 4
7.26786 11.625 4
7.75 11.75 4
8.23214 11.875 4
8.71429 12 4
9.19643 12.125 4
9.67857 12.25 4
10.1607 12.375 4
10.6429 12.5 4
11.125 12.625 4
11.6071 12.75 4
12.0893 12.875 4
12.5714 13 4
13.0536 13.125 4
13.5357 13.25 4
14.0179 13.375 4
14.5 13.5 4
14.9821 13.625 4
15.4643 13.75 4
15.9464 13.875 4
16.4286 14 4
16.9107 14.125 4
17.3929 14.25 4
17.875 14.375 4
18.3571 14.5 4
18.8393 14.625 4
19.3214 14.75 4
19.8036 14.875 4
20.2857 15 4
20.7679 15.125 4
21.25 15.25 4
21.7321 15.375 4
22.2143 15.5 4
22.6964 15.625 4
23.1786 15.75 4
23.6607 15.875 4
24.1429 16 4
24.625 16.125 4
25.1071 16.25 4
25.5893 16.375 4
26.0714 16.5 4
26.5536 16.625 4
27.0357 16.75 4
27.5179 16.875 4
28 17 4
