28.7986
59
1 10 1
1.43333 9.76667 1.03333
1.86667 9.53333 1.06667
2.3 9.3 1.1
2.73333 9.06667 1.13333
3.16667 8.83333 1.16667
3.6 8.6 1.2
4.03333 8.36667 1.23333
4.46667 8.13333 1.26667
4.9 7.9 1.3
5.33333 7.66667 1.33333
5.76667 7.43333 1.36667
6.2 7.2 1.4
6.63333 6.96667 1.43333
7.06667 6.73333 1.46667
7.5 6.5 1.5
7.93333 6.26667 1.53333
8.36667 6.03333 1.56667
8.8 5.8 1.6
9.23333 5.56667 1.63333
9.66667 5.33333 1.66667
10.1 5.1 1.7
10.5333 4.86667 1.73333
10.9667 4.63333 1.76667
11.4 4.4 1.8
11.8333 4.16667 1.83333
12.2667 3.93333 1.86667
12.7 3.7 1.9
13.1333 3.46667 1.93333
13.5667 3.23333 1.96667
14 3 2
14.5 3 2
15 3 2
15.5 3 2
16 3 2
16.5 3 2
17 3 2
17.5 3 2
18 3 2
18.5 3 2
19 3 2
19.5 3 2
20 3 2
20.5 3 2
21 3 2
21.5 3 2
22 3 2
22.5 3 2
23 3 2
23.5 3 2
24 3 2
24.5 3 2
25 3 2
25.5 3 2
26 3 2
26.5 3 2
27 3 2
27.5 3 2
28 3 2
