28.5307
59
1 3 4
1.46552 3.15517 3.96552
1.93103 3.31034 3.93103
2.39655 3.46552 3.89655
2.86207 3.62069 3.86207
3.32759 3.77586 3.82759
3.7931 3.93103 3.7931
4.25862 4.08621 3.75862
4.72414 4.24138 3.72414
5.18966 4.39655 3.68966
5.65517 4.55172 3.65517
6.12069 4.7069 3.62069
6.58621 4.86207 3.58621
7.05172 5.01724 3.55172
7.51724 5.17241 3.51724
7.98276 5.32759 3.48276
8.44828 5.48276 3.44828
8.91379 5.63793 3.41379
9.37931 5.7931 3.37931
9.84483 5.94828 3.34483
10.3103 6.10345 3.31034
10.7759 6.25862 3.27586
11.2414 6.41379 3.24138
11.7069 6.56897 3.2069
12.1724 6.72414 3.17241
12.6379 6.87931 3.13793
13.1034 7.03448 3.10345
13.569 7.18966 3.06897
14.0345 7.34483 3.03448
14.5 7.5 3
14.9655 7.65517 2.96552
15.431 7.81034 2.93103
15.8966 7.96552 2.89655
16.3621 8.12069 2.86207
16.8276 8.27586 2.82759
17.2931 8.43103 2.7931
17.7586 8.58621 2.75862
18.2241 8.74138 2.72414
18.6897 8.89655 2.68966
19.1552 9.05172 2.65517
19.6207 9.2069 2.62069
20.0862 9.36207 2.58621
20.5517 9.51724 2.55172
21.0172 9.67241 2.51724
21.4828 9.82759 2.48276
21.9483 9.98276 2.44828
22.4138 10.1379 2.41379
22.8793 10.2931 2.37931
23.3448 10.4483 2.34483
23.8103 10.6034 2.31034
24.2759 10.7586 2.27586
24.7414 10.9138 2.24138
25.2069 11.069 2.2069
25.6724 11.2241 2.17241
26.1379 11.3793 2.13793
26.6034 11.5345 2.10345
27.069 11.6897 2.06897
27.5345 11.8448 2.03448
28 12 2
