28.178
58
1 6 2
1.47368 6.14035 1.98246
1.94737 6.2807 1.96491
2.42105 6.42105 1.94737
2.89474 6.5614 1.92982
3.36842 6.70175 1.91228
3.84211 6.84211 1.89474
4.31579 6.98246 1.87719
4.78947 7.12281 1.85965
5.26316 7.26316 1.84211
5.73684 7.40351 1.82456
6.21053 7.54386 1.80702
6.68421 7.68421 1.78947
7.15789 7.82456 1.77193
7.63158 7.96491 1.75439
8.10526 8.10526 1.73684
8.57895 8.24561 1.7193
9.05263 8.38596 1.70175
9.52632 8.52632 1.68421
10 8.66667 1.66667
10.4737 8.80702 1.64912
10.9474 8.94737 1.63158
11.4211 9.08772 1.61404
11.8947 9.22807 1.59649
12.3684 9.36842 1.57895
12.8421 9.50877 1.5614
13.3158 9.64912 1.54386
13.7895 9.78947 1.52632
14.2632 9.92982 1.50877
14.7368 10.0702 1.49123
15.2105 10.2105 1.47368
15.6842 10.3509 1.45614
16.1579 10.4912 1.4386
16.6316 10.6316 1.42105
17.1053 10.7719 1.40351
17.5789 10.9123 1.38596
18.0526 11.0526 1.36842
18.5263 11.193 1.35088
19 11.3333 1.33333
19.4737 11.4737 1.31579
19.9474 11.614 1.29825
20.4211 11.7544 1.2807
20.8947 11.8947 1.26316
21.3684 12.0351 1.24561
21.8421 12.1754 1.22807
22.3158 12.3158 1.21053
22.7895 12.4561 1.19298
23.2632 12.5965 1.17544
23.7368 12.7368 1.15789
24.2105 12.8772 1.14035
24.6842 13.0175 1.12281
25.1579 13.1579 1.10526
25.6316 13.2982 1.08772
26.1053 13.4386 1.07018
26.5789 13.5789 1.05263
27.0526 13.7193 1.03509
27.5263 13.8596 1.01754
28 14 1
