28.3694
59
1 17 1
1.46809 16.8511 1.04255
1.93617 16.7021 1.08511
2.40426 16.5532 1.12766
2.87234 16.4043 1.17021
3.34043 16.2553 1.21277
3.80851 16.1064 1.25532
4.2766 15.9574 1.29787
4.74468 15.8085 1.34043
5.21277 15.6596 1.38298
5.68085 15.5106 1.42553
6.14894 15.3617 1.46809
6.61702 15.2128 1.51064
7.08511 15.0638 1.55319
7.55319 14.9149 1.59574
8.02128 14.766 1.6383
8.48936 14.617 1.68085
8.95745 14.4681 1.7234
9.42553 14.3191 1.76596
9.89362 14.1702 1.80851
10.3617 14.0213 1.85106
10.8298 13.8723 1.89362
11.2979 13.7234 1.93617
11.766 13.5745 1.97872
12.234 13.4255 2.02128
12.7021 13.2766 2.06383
13.1702 13.1277 2.10638
13.6383 12.9787 2.14894
14.1064 12.8298 2.19149
14.5745 12.6809 2.23404
15.0426 12.5319 2.2766
15.5106 12.383 2.31915
15.9787 12.234 2.3617
16.4468 12.0851 2.40426
16.9149 11.9362 2.44681
17.383 11.7872 2.48936
17.8511 11.6383 2.53191
18.3191 11.4894 2.57447
18.7872 11.3404 2.61702
19.2553 11.1915 2.65957
19.7234 11.0426 2.70213
20.1915 10.8936 2.74468
20.6596 10.7447 2.78723
21.1277 10.5957 2.82979
21.5957 10.4468 2.87234
22.0638 10.2979 2.91489
22.5319 10.1489 2.95745
23 10 3
23.4545 9.90909 2.90909
23.9091 9.81818 2.81818
24.3636 9.72727 2.72727
24.8182 9.63636 2.63636
25.2727 9.54545 2.54545
25.7273 9.45455 2.45455
26.1818 9.36364 2.36364
26.6364 9.27273 2.27273
27.0909 9.18182 2.18182
27.5455 9.09091 2.09091
28 9 2
